1651 9 a6a4 1 12c c
2052
2050
2054
2050
2057
2054
2053
2054
2046
2052
2053
2052
2051
2055
2056
2048
2054
2057
2047
2056
2058
2053
2059
2048
2055
2057
2056
2053
2054
2055
2056
2057
2053
2055
2055
2058
2055
2059
2049
2054
2051
2056
2052
2053
2054
2054
2055
2052
2051
2049
2059
2052
2047
2056
2056
2051
2055
2057
2049
2056
2052
2056
2051
2055
2058
2051
2056
2060
2054
2059
2058
2055
2056
2055
2056
2058
2053
2053
2056
2054
2054
2052
2048
2056
2056
2058
2050
2051
2054
2051
2057
2057
2055
2055
2054
2058
2055
2047
2054
2053
2055
2052
2051
2052
2056
2049
2052
2059
2065
2059
2054
2053
2056
2056
2060
2050
2057
2052
2052
2051
2054
2056
2053
2058
2054
2049
2053
2052
2062
2061
2060
2054
2057
2060
2064
2066
2058
2062
2060
2065
2064
2058
2062
2067
2052
2062
2061
2066
2058
2061
2062
2067
2063
2062
2060
2064
2058
2056
2061
2060
2062
2065
2058
2059
2059
2057
2059
2062
2061
2058
2059
2058
2062
2060
2062
2064
2063
2061
2061
2063
2061
2063
2061
2057
2059
2061
2064
2064
2064
2058
2056
2063
2059
2060
2060
2059
2060
2057
2064
2059
2056
2059
2060
2064
2059
2058
2058
2065
2063
2061
2066
2053
2062
2064
2060
2062
2061
2060
2064
2058
2063
2060
2062
2054
2061
2065
2057
2063
2026
2027
2026
2030
2032
2028
2025
2019
2031
2022
2030
2023
2024
2030
2029
2022
2039
2028
2027
2026
2033
2034
2020
2027
2031
2022
2026
2026
2029
2028
2030
2024
2028
2024
2032
2028
2025
2034
2029
2022
2029
2026
2026
2027
2025
2027
2023
2022
2026
2026
2025
2025
2027
2029
2032
2030
2030
2022
2029
2027
2023
2036
2025
2023
2029
2024
2028
2023
2026
2036
2023
2028
